              precision    recall  f1-score   support

           0       1.00      1.00      1.00        10
           1       1.00      1.00      1.00        10
           2       0.29      0.20      0.24        10
           3       0.36      0.40      0.38        10
           4       0.82      0.90      0.86        10
           5       1.00      1.00      1.00        10
           6       0.77      1.00      0.87        10
           7       1.00      1.00      1.00        10
           8       0.53      0.90      0.67        10
           9       1.00      1.00      1.00        10
          10       0.80      0.40      0.53        10
          11       0.90      0.90      0.90        10
          12       0.91      1.00      0.95        10
          13       0.91      1.00      0.95        10
          14       0.67      1.00      0.80        10
          15       0.71      1.00      0.83        10
          16       1.00      0.90      0.95        10
          17       0.80      0.80      0.80        10
          18       0.89      0.80      0.84        10
          19       0.53      1.00      0.69        10
          20       1.00      1.00      1.00        10
          21       1.00      0.90      0.95        10
          22       1.00      0.80      0.89        10
          23       1.00      1.00      1.00        10
          24       1.00      1.00      1.00        10
          25       1.00      0.60      0.75        10
          26       1.00      0.80      0.89        10
          27       0.82      0.90      0.86        10
          28       0.89      0.80      0.84        10
          29       1.00      0.50      0.67        10
          30       0.80      0.80      0.80        10
          31       0.86      0.60      0.71        10
          32       0.91      1.00      0.95        10
          33       0.89      0.80      0.84        10
          34       1.00      1.00      1.00        10
          35       0.88      0.70      0.78        10
          36       0.91      1.00      0.95        10
          37       0.82      0.90      0.86        10
          38       0.90      0.90      0.90        10
          39       1.00      0.70      0.82        10
          40       0.88      0.70      0.78        10
          41       0.82      0.90      0.86        10
          42       1.00      0.80      0.89        10
          43       1.00      0.90      0.95        10
          44       0.90      0.90      0.90        10
          45       0.91      1.00      0.95        10
          46       1.00      1.00      1.00        10
          47       1.00      0.90      0.95        10
          48       0.83      1.00      0.91        10
          49       0.90      0.90      0.90        10
          50       0.75      0.60      0.67        10
          51       0.91      1.00      0.95        10
          52       1.00      0.50      0.67        10
          53       1.00      0.90      0.95        10
          54       0.73      0.80      0.76        10
          55       1.00      1.00      1.00        10
          56       0.91      1.00      0.95        10
          57       0.83      1.00      0.91        10
          58       1.00      1.00      1.00        10
          59       1.00      1.00      1.00        10
          60       0.90      0.90      0.90        10
          61       0.86      0.60      0.71        10
          62       0.91      1.00      0.95        10
          63       1.00      1.00      1.00        10
          64       1.00      1.00      1.00        10
          65       0.75      0.90      0.82        10
          66       0.64      0.70      0.67        10
          67       0.90      0.90      0.90        10
          68       0.90      0.90      0.90        10
          69       0.90      0.90      0.90        10
          70       1.00      1.00      1.00        10
          71       0.80      0.80      0.80        10
          72       0.90      0.90      0.90        10
          73       0.88      0.70      0.78        10
          74       1.00      0.80      0.89        10
          75       0.89      0.80      0.84        10
          76       1.00      0.80      0.89        10
          77       0.82      0.90      0.86        10
          78       1.00      0.90      0.95        10
          79       0.60      0.90      0.72        10
          80       0.80      0.80      0.80        10
          81       1.00      0.80      0.89        10
          82       0.83      0.50      0.62        10
          83       0.62      0.50      0.56        10
          84       0.67      1.00      0.80        10
          85       0.67      1.00      0.80        10
          86       0.62      1.00      0.77        10
          87       0.55      0.60      0.57        10
          88       0.75      0.90      0.82        10
          89       0.56      0.50      0.53        10
          90       0.89      0.80      0.84        10
          91       0.73      0.80      0.76        10
          92       0.82      0.90      0.86        10
          93       0.91      1.00      0.95        10
          94       0.90      0.90      0.90        10
          95       0.67      0.60      0.63        10
          96       1.00      0.70      0.82        10
          97       1.00      0.70      0.82        10
          98       0.90      0.90      0.90        10
          99       1.00      1.00      1.00        10
         100       1.00      0.70      0.82        10
         101       0.83      1.00      0.91        10

    accuracy                           0.85      1020
   macro avg       0.87      0.85      0.85      1020
weighted avg       0.87      0.85      0.85      1020
